1.524662598547948633e+01 -3.522701671720637862e+00
1.496427776045610258e+01 -5.003354721401747973e+00
1.455467462473831830e+01 -1.290081875485835639e+01
1.413095185069707327e+01 -3.309198308119696463e+01
1.376370762994966768e+01 -7.187579980984875760e+01
1.345294196249610152e+01 -1.360585552122138608e+02
1.312801211527326117e+01 -2.691378572983246045e+02
1.280308226805042082e+01 -5.111586279578543213e+02
1.247810787938176347e+01 -9.702875841860593482e+02
1.215313349071310967e+01 -1.809961040417279037e+03
1.185639837869137203e+01 -3.296773059200752414e+03
1.153142399002271645e+01 -5.888121260113921380e+03
1.127704779297135929e+01 -9.577907024124195232e+03
1.089550576811723204e+01 -2.127791895251800815e+04
1.057053137944857824e+01 -3.959127822437916620e+04
1.023139281101064491e+01 -6.763405970710284601e+04
9.863881341588347951e+00 -1.172178296654641890e+05
9.552892966905705663e+00 -2.112433383217257215e+05
9.213709857021960659e+00 -4.048817183189551579e+05
8.761436016213087541e+00 -7.626575398898182902e+05
8.422119281991893303e+00 -1.298249750945524778e+06
8.040443632800322149e+00 -1.734792704635705566e+06
