1.477911897020177179e+01 -2.630990129255314169e+00
1.442594984633200994e+01 -4.033433592801733525e+00
1.400209344795332100e+01 -9.547156277123303170e+00
1.354995323148189357e+01 -2.409914914060856006e+01
1.312609683310320108e+01 -5.687190207558389687e+01
1.258914970379938580e+01 -1.730296752886234799e+02
1.213705402877377360e+01 -4.341017977649220256e+02
1.161427107923923074e+01 -1.181248498496409866e+03
1.119037013941472480e+01 -2.517445335933652132e+03
1.073814084005166869e+01 -6.652166555408633940e+03
1.022952207028640181e+01 -1.731027288745298574e+04
9.763173132599884951e+00 -4.382196633815346286e+04
9.183822546879872206e+00 -1.473747008079518564e+05
8.364170860986147815e+00 -5.214861247617707704e+05
8.024943209656585807e+00 -6.302381541275181808e+05
