7.50 -9.2010e-05
7.60 -9.6365e-05
7.70 -7.9880e-05
7.80 -7.3485e-05
7.90 -8.0050e-05
8.00 -6.9210e-05
8.10 -5.2935e-05
8.20 -4.5565e-05
8.30 -4.0450e-05
8.40 -3.3470e-05
8.50 -3.3435e-05
8.60 -3.3705e-05
8.70 -2.5845e-05
8.80 -1.9405e-05
8.90 -2.4105e-05
9.00 -1.6767e-05
9.10 -1.5384e-05
9.20 -1.4386e-05
9.30 -1.1594e-05
9.40 -1.0498e-05
9.50 -8.1420e-06
9.60 -7.0095e-06
9.70 -4.7475e-06
9.80 -4.7255e-06
9.90 -5.1325e-06
10.00 -4.7255e-06
10.10 -3.6285e-06
10.20 -2.7775e-06
10.30 -1.3955e-06
10.40 -1.4972e-06
10.50 -1.9262e-06
10.60 -1.3428e-06
10.70 -9.8590e-07
10.80 -1.0020e-06
10.90 -5.6025e-07
11.00 -5.1010e-07
11.10 -5.7055e-07
11.20 -4.2905e-07
11.30 -2.7040e-07
11.40 -2.3955e-07
11.50 -1.9490e-07
11.60 -2.0130e-07
11.70 -2.4047e-07
11.80 -2.0960e-07
11.90 -6.9305e-08
12.00 -4.3850e-08
