   6.22   6.01  3.74684E-05
   6.45   6.22  4.44066E-05
   6.69   6.45  5.31182E-05
   6.95   6.69  6.41669E-05
   7.23   6.95  7.83550E-05
   7.52   7.23  8.24393E-05
   7.84   7.52  6.92256E-05
   8.19   7.84  4.23769E-05
   8.56   8.19  3.09064E-05
   8.96   8.56  1.90015E-05
   9.40   8.96  9.53799E-06
   9.88   9.41  5.22585E-06
  10.41   9.89  2.05433E-06
  10.98  10.41  6.74910E-07
  11.62  10.98  2.16615E-07
  12.32  11.61  6.98903E-09
  13.11  12.32  1.86068E-10
  14.02  13.12  3.03670E-12
  15.03  14.01  2.92946E-14
